0 13333333333 0 13333333333 13333333333 13333333333 0 0 13333333333 13333333333 13333333333 0 0 0 0 0 0 0 0 0 0 0 0 13333333333 0 13333333333 13333333333 13333333333 0 0 13333333333 13333333333 13333333333 0 0 0 0 0 0 0 0 0 0 0 0 0 0 0 0 0 0 0 0 0 0 0 0 0 0 0 0 0 0 0 0 0 0 0 0 0 0 0 0 0 0 0 0 0 0 0 0 13333333333 0 0 0 0 0 0 0 0 0 0 0 0 0 0 0 0 0 0 0 0 0 0 0 0 0 0 0 0 0 0 0 0 0 0 0 0 0 0 0
0 0 0 0 0 0 0 0 0 0 0 13333333333 0 13333333333 0 0 0 0 0 0 0 0 0 0 0 0 0 0 0 0 0 0 0 13333333333 0 13333333333 0 0 0 0 0 0 0 0 13333333333 0 13333333333 0 0 0 0 13333333333 0 0 0 13333333333 0 13333333333 0 0 0 0 0 0 0 0 0 0 0 0 0 0 0 0 0 0 0 0 0 0 0 0 0 0 0 0 0 0 13333333333 0 13333333333 0 0 0 0 0 0 0 0 13333333333 0 13333333333 0 0 0 0 0 0 0 0 13333333333 0 13333333333 0 0 0 0 0 0 0 0
0 30769230769 0 0 0 0 15384615384 15384615384 15384615384 0 15384615384 0 0 0 0 0 0 0 0 0 0 0 0 30769230769 0 0 0 0 15384615384 15384615384 15384615384 0 15384615384 0 0 0 0 0 0 0 0 0 0 0 0 0 0 0 0 0 0 15384615384 0 0 0 0 0 0 0 0 0 0 0 0 0 0 0 0 0 0 0 0 0 0 0 0 0 0 0 0 0 0 0 0 0 0 0 0 0 0 0 0 0 0 0 0 0 0 0 0 0 0 0 0 0 0 0 0 0 0 0 0 0 0 0 0 0 0 0 0 0
0 0 0 0 0 0 0 0 0 0 0 30769230769 0 30769230769 0 0 0 0 0 0 0 0 0 0 0 0 0 0 0 0 0 0 0 0 0 0 0 0 0 0 0 0 0 0 0 0 0 0 0 0 0 0 0 0 0 0 0 0 0 0 0 0 0 0 0 0 15384615384 0 15384615384 0 0 0 0 0 0 0 0 15384615384 0 15384615384 0 15384615384 0 0 0 0 0 0 15384615384 0 15384615384 0 0 0 0 0 0 0 0 0 0 0 0 0 0 0 0 0 0 0 15384615384 0 15384615384 0 0 0 0 0 0 0 0
0 0 14285714285 0 0 0 0 0 0 0 0 0 0 42857142857 0 0 0 0 0 0 0 0 0 0 0 0 0 0 0 0 0 0 0 0 0 14285714285 0 0 0 0 0 0 0 0 0 0 14285714285 0 0 0 0 0 0 0 0 0 0 14285714285 0 0 0 0 0 0 0 0 0 0 14285714285 0 0 0 0 0 0 0 0 0 0 14285714285 0 0 0 0 0 0 0 0 0 0 28571428571 0 0 0 0 0 0 0 0 0 0 14285714285 0 0 0 0 0 0 0 0 0 0 28571428571 0 0 0 0 0 0 0 0
0 0 0 0 0 0 0 0 0 0 0 0 0 0 0 0 0 0 0 0 0 0 14285714285 42857142857 0 14285714285 14285714285 14285714285 14285714285 14285714285 28571428571 14285714285 28571428571 0 0 0 0 0 0 0 0 0 0 0 0 0 0 0 0 0 0 0 0 0 0 0 0 0 0 0 0 0 0 0 0 0 0 0 0 0 0 0 0 0 0 0 0 0 0 0 0 0 0 0 0 0 0 0 0 0 0 0 0 0 0 0 0 0 0 0 0 0 0 0 0 0 0 0 0 0 0 0 0 0 0 0 0 0 0 0 0
0 14285714285 0 0 0 0 0 0 0 0 14285714285 0 0 0 0 0 0 0 0 0 0 0 0 14285714285 0 0 0 0 0 0 0 0 14285714285 0 14285714285 0 0 0 0 14285714285 0 0 0 14285714285 0 14285714285 0 0 0 0 14285714285 14285714285 0 0 14285714285 0 0 0 0 0 0 0 0 0 0 14285714285 0 0 0 0 0 0 0 0 0 0 0 0 0 0 0 0 0 0 0 0 0 0 0 14285714285 0 0 0 0 0 0 0 0 14285714285 0 0 0 0 0 0 0 0 0 0 0 0 0 0 0 0 0 0 0 0 0 0
0 0 0 0 0 0 0 0 0 0 0 14285714285 0 14285714285 14285714285 14285714285 0 0 0 14285714285 0 0 0 0 0 0 0 0 0 0 0 0 0 0 0 0 0 0 0 0 0 0 0 0 0 0 0 0 0 0 0 0 0 0 0 0 0 0 0 0 0 0 0 0 0 0 0 0 0 14285714285 14285714285 0 0 0 0 0 0 0 0 0 0 14285714285 0 0 0 0 0 0 0 0 0 0 0 0 0 0 0 0 0 0 0 0 0 0 0 0 0 0 0 0 14285714285 0 14285714285 14285714285 14285714285 14285714285 0 0 14285714285 0 0
0 0 0 22222222222 0 0 0 0 0 0 0 0 0 0 22222222222 0 0 0 0 0 0 0 0 0 0 22222222222 0 0 0 0 0 0 0 0 0 0 0 0 0 0 0 0 0 0 0 0 0 22222222222 0 0 0 0 0 0 0 0 0 0 22222222222 0 0 0 0 0 0 0 0 0 0 44444444444 0 0 0 0 0 0 0 0 0 0 0 0 0 0 0 0 0 0 0 0 0 0 0 0 0 0 0 0 0 0 0 0 22222222222 0 0 0 0 0 0 0 0 0 0 22222222222 0 0 0 0 0 0 0
0 0 0 0 0 0 0 0 0 0 0 0 0 0 0 0 0 0 0 0 0 0 0 0 0 0 0 0 0 0 0 0 0 22222222222 22222222222 22222222222 0 22222222222 22222222222 44444444444 0 0 22222222222 22222222222 0 0 0 0 0 0 0 0 0 0 0 0 0 0 0 0 0 0 0 0 0 0 0 0 0 0 0 0 0 0 0 0 0 0 0 0 0 0 0 0 0 0 0 0 0 0 0 0 0 0 0 0 0 0 0 0 0 0 0 0 0 0 0 0 0 0 0 0 0 0 0 0 0 0 0 0 0
0 0 0 0 0 22222222222 0 0 0 0 0 0 0 0 0 0 0 0 0 0 0 0 0 0 0 0 0 22222222222 0 0 0 0 0 0 0 0 0 0 22222222222 22222222222 0 0 0 0 0 0 0 0 0 22222222222 22222222222 0 0 0 0 0 0 0 0 0 0 0 0 0 0 0 0 0 0 0 0 0 0 0 0 0 0 0 0 0 0 0 0 0 0 0 0 0 0 0 0 0 0 22222222222 0 0 0 0 0 0 0 0 0 0 22222222222 0 0 0 0 0 0 0 0 0 0 22222222222 0 0 0 0 0
0 0 0 0 0 0 0 0 0 0 0 0 0 0 0 0 0 0 0 0 0 0 0 0 0 0 0 0 0 0 0 0 0 0 0 0 0 0 0 0 0 0 0 0 0 0 0 0 0 0 0 0 0 0 0 22222222222 0 22222222222 22222222222 22222222222 0 0 0 22222222222 22222222222 22222222222 0 0 0 22222222222 22222222222 0 0 0 0 0 0 0 0 0 0 0 0 0 0 0 0 0 0 0 0 0 0 0 0 0 0 0 0 0 0 0 0 0 0 0 0 0 0 0 0 0 0 0 0 0 0 0 0 0 0
0 0 0 0 0 0 0 0 28571428571 0 0 0 0 0 0 0 0 0 0 28571428571 0 0 0 0 0 0 0 0 0 0 28571428571 0 0 0 0 0 0 0 0 0 0 0 0 0 0 0 0 0 0 0 0 28571428571 28571428571 0 0 0 0 0 0 0 0 0 0 28571428571 0 0 0 0 0 0 0 0 0 0 0 0 0 0 0 0 0 0 0 0 0 0 0 0 0 0 0 0 0 0 0 0 0 0 0 0 0 0 0 0 0 0 0 0 0 0 0 0 0 0 0 0 0 0 28571428571 0 0
0 0 0 0 0 0 0 0 0 0 0 0 0 0 0 0 0 0 0 0 0 0 0 0 0 0 0 0 0 0 0 0 0 0 0 0 0 0 0 0 0 0 0 0 0 0 0 0 0 0 0 0 0 0 0 0 0 0 0 0 0 0 0 0 0 0 0 0 0 0 0 0 0 0 0 0 0 0 0 0 0 28571428571 0 0 0 0 0 0 28571428571 28571428571 28571428571 0 28571428571 28571428571 0 0 0 0 28571428571 0 0 0 0 0 0 0 0 0 0 0 0 0 0 0 0 0 0 0 0 0 0
0 0 0 0 0 0 0 0 0 40000000000 0 0 0 0 0 0 0 0 0 0 0 0 0 0 0 0 0 0 0 0 0 40000000000 0 0 0 0 0 0 0 0 0 0 40000000000 0 0 0 0 0 0 0 0 0 0 40000000000 0 0 0 0 0 0 0 0 0 0 40000000000 0 0 0 0 0 0 0 0 0 0 0 0 0 0 0 0 0 0 0 0 0 0 0 0 0 0 0 0 0 0 0 0 0 0 0 0 0 0 0 0 0 0 0 0 0 0 0 0 0 0 0 0 0 0 0 0
0 0 0 0 0 0 0 0 0 0 0 0 0 0 0 0 0 0 0 0 0 0 0 0 0 0 0 0 0 0 0 0 0 0 0 0 0 0 0 0 0 0 0 0 0 0 0 0 0 0 0 0 0 0 0 0 0 0 0 0 0 0 0 0 0 0 0 0 0 0 0 0 0 0 0 0 0 0 0 0 0 0 0 0 0 0 0 0 0 0 0 0 0 0 0 0 0 0 0 40000000000 0 40000000000 40000000000 40000000000 40000000000 0 0 0 0 0 0 0 0 0 0 0 0 0 0 0 0
0 33333333333 0 0 0 0 0 0 0 0 0 0 0 0 0 0 0 0 0 0 0 0 0 33333333333 0 0 0 0 0 0 0 0 0 0 16666666666 0 0 0 0 0 0 0 0 0 0 16666666666 0 0 0 0 0 0 0 0 0 0 0 0 0 0 0 0 0 0 0 0 0 0 0 0 0 0 0 0 0 0 0 0 16666666666 0 0 0 0 0 0 0 0 0 0 50000000000 0 0 0 0 0 0 0 0 0 0 16666666666 0 0 0 0 0 0 0 0 0 0 16666666666 0 0 0 0 0 0 0 0 0
0 0 0 0 0 0 0 0 0 0 0 33333333333 0 33333333333 16666666666 16666666666 0 0 16666666666 50000000000 16666666666 16666666666 0 0 0 0 0 0 0 0 0 0 0 0 0 0 0 0 0 0 0 0 0 0 0 0 0 0 0 0 0 0 0 0 0 0 0 0 0 0 0 0 0 0 0 0 0 0 0 0 0 0 0 0 0 0 0 0 0 0 0 0 0 0 0 0 0 0 0 0 0 0 0 0 0 0 0 0 0 0 0 0 0 0 0 0 0 0 0 0 0 0 0 0 0 0 0 0 0 0 0
0 0 0 0 0 0 0 0 0 0 0 20000000000 0 20000000000 0 0 0 0 20000000000 20000000000 0 0 0 0 0 0 0 0 0 0 0 0 0 0 0 0 0 0 0 0 0 0 0 0 0 0 0 0 0 0 0 20000000000 0 0 0 0 0 0 0 0 0 0 0 0 0 0 0 0 0 0 0 0 0 0 0 0 0 0 0 0 0 0 0 0 0 0 0 0 0 0 0 0 0 0 0 0 0 0 0 0 0 0 0 0 0 0 20000000000 0 0 0 20000000000 0 20000000000 0 0 0 0 20000000000 20000000000 0 0
0 20000000000 0 0 0 0 0 0 0 0 20000000000 0 0 0 0 0 0 0 0 0 0 0 0 20000000000 0 0 0 0 0 0 0 0 20000000000 0 0 0 0 0 0 0 0 0 0 0 0 0 0 0 0 0 0 0 0 0 0 0 0 0 0 0 0 0 0 0 0 0 0 0 0 0 0 0 0 0 0 0 0 0 20000000000 0 0 20000000000 0 0 0 0 20000000000 20000000000 0 20000000000 0 0 0 0 0 0 0 0 20000000000 0 0 0 0 0 0 0 0 0 0 0 0 0 0 0 0 0 0 0 0 0 0
0 0 0 0 0 0 0 0 0 0 0 0 0 0 0 0 0 0 0 33333333333 33333333333 0 0 0 0 0 0 0 0 0 0 0 0 0 0 0 0 0 0 0 0 0 0 0 0 0 0 0 0 0 0 0 0 0 0 0 0 0 0 0 0 0 0 0 0 0 0 0 0 0 0 0 0 0 0 33333333333 0 0 0 0 0 0 0 0 0 0 33333333333 0 0 0 0 0 0 0 0 0 0 0 0 0 0 0 0 0 0 0 0 0 0 0 0 0 0 0 0 0 0 0 33333333333 33333333333 0
0 0 0 0 0 0 0 0 0 0 0 0 0 0 0 0 0 0 0 0 0 0 0 0 0 0 0 0 0 0 0 0 0 0 0 0 0 0 0 0 0 0 0 0 0 0 0 0 0 0 0 0 0 0 0 0 0 0 0 0 0 0 0 0 0 0 0 0 0 0 0 0 0 0 0 0 0 0 0 0 0 0 0 0 0 0 0 0 0 33333333333 0 0 0 0 0 0 0 0 33333333333 0 33333333333 0 0 0 0 33333333333 33333333333 0 0 33333333333 0 0 0 0 0 0 0 0 0 0 0
0 0 0 0 0 0 0 0 0 0 0 0 0 0 0 0 0 0 0 0 0 0 0 0 0 0 0 0 0 0 0 0 0 0 0 0 0 0 0 40000000000 0 0 0 0 0 0 0 0 0 0 40000000000 0 0 0 0 0 0 0 0 0 0 0 0 0 0 0 0 0 0 0 0 0 0 0 0 0 0 0 0 0 0 0 0 0 0 0 0 0 0 0 0 0 0 0 0 0 0 0 0 0 0 0 0 0 0 40000000000 0 0 0 0 0 0 0 0 0 40000000000 40000000000 0 0 0 0
0 0 0 0 0 0 0 0 0 0 0 0 0 0 0 0 0 0 0 0 0 0 0 0 0 0 0 0 0 0 0 0 0 0 0 0 0 0 0 0 0 0 0 0 0 0 0 0 0 0 0 0 0 0 0 0 0 0 0 0 0 0 0 0 0 40000000000 0 0 0 40000000000 40000000000 0 0 0 0 40000000000 40000000000 0 0 0 0 0 0 0 0 0 0 0 0 0 0 0 0 0 0 0 0 0 0 0 0 0 0 0 0 0 0 0 0 0 0 0 0 0 0 0 0 0 0 0 0
0 0 0 0 0 0 0 0 0 0 0 33333333333 0 33333333333 0 0 33333333333 33333333333 33333333333 33333333333 0 0 0 0 0 0 0 0 0 0 0 0 0 0 0 0 0 0 0 0 0 0 0 0 0 0 0 0 0 0 0 0 0 0 0 0 0 0 0 0 0 0 0 0 0 0 0 0 0 0 0 0 0 0 0 0 0 0 0 0 0 0 0 0 0 0 0 0 0 0 0 0 0 0 0 0 0 0 0 0 0 0 0 0 0 0 0 0 0 0 0 0 0 0 0 0 0 0 0 0 0
0 33333333333 0 0 0 0 0 0 0 0 0 0 0 0 0 0 0 0 0 0 0 0 0 33333333333 0 0 0 0 0 0 0 0 0 0 0 0 0 0 0 0 0 0 0 0 0 0 0 0 0 0 0 0 0 0 0 0 33333333333 0 0 0 0 0 0 0 0 0 0 33333333333 0 0 0 0 0 0 0 0 0 0 33333333333 0 0 0 0 0 0 0 0 0 0 33333333333 0 0 0 0 0 0 0 0 0 0 0 0 0 0 0 0 0 0 0 0 0 0 0 0 0 0 0 0 0 0 0
0 20000000000 0 0 0 0 20000000000 0 0 0 0 0 0 0 0 0 0 0 0 0 0 0 0 20000000000 0 0 0 0 20000000000 0 0 0 0 0 0 0 0 0 0 20000000000 0 0 0 0 0 0 0 0 0 0 0 0 0 0 0 0 0 0 0 0 0 0 0 0 0 0 0 0 0 0 0 0 0 0 0 0 0 0 20000000000 0 0 0 20000000000 20000000000 0 0 0 0 0 20000000000 0 0 0 0 20000000000 0 0 0 0 0 0 0 0 0 0 0 0 0 0 0 0 0 0 0 0 0 0 0 0 0 0
0 0 0 0 0 0 0 0 0 0 0 20000000000 0 20000000000 0 0 0 0 20000000000 20000000000 0 0 0 0 0 0 0 0 0 0 0 0 0 0 0 0 0 0 0 0 0 0 0 0 0 0 0 0 0 0 0 0 0 0 0 0 0 0 0 0 0 0 20000000000 0 0 0 20000000000 0 20000000000 20000000000 0 0 0 20000000000 20000000000 0 0 0 0 0 0 0 0 0 0 0 0 0 0 0 0 0 0 0 0 0 0 0 0 0 0 0 0 0 0 0 0 0 0 0 0 0 0 0 0 0 0 0 0 0 0
0 0 0 0 0 0 0 0 18181818181 0 0 0 0 0 0 0 0 0 0 36363636363 0 0 0 0 0 0 0 0 0 0 18181818181 0 0 0 0 0 0 0 0 0 0 0 0 0 0 0 0 0 0 0 0 0 0 0 0 0 0 0 0 0 0 0 0 0 0 0 0 0 0 18181818181 0 0 0 0 18181818181 0 0 0 0 0 18181818181 18181818181 0 0 0 18181818181 18181818181 0 0 0 0 0 0 0 0 0 0 0 0 0 0 0 0 0 0 0 0 0 0 0 0 0 0 0 0 0 0 0 18181818181 0 0
0 0 0 0 0 0 0 0 0 0 0 0 0 0 0 0 0 0 0 0 0 0 0 0 0 0 0 0 0 0 0 0 0 0 0 0 0 0 0 18181818181 18181818181 0 0 0 0 0 0 0 0 0 0 18181818181 0 0 0 0 0 0 0 0 0 0 0 0 0 0 0 0 0 0 0 0 0 0 0 0 0 0 0 0 0 0 0 0 0 0 0 0 18181818181 36363636363 18181818181 0 0 0 18181818181 18181818181 0 0 18181818181 0 0 0 0 0 0 0 18181818181 0 0 0 0 0 0 0 0 0 0 0 0 0 0
0 0 0 0 0 0 0 0 0 0 0 0 0 0 0 0 33333333333 0 0 0 0 0 0 0 0 0 0 0 0 0 0 0 0 0 0 0 0 0 0 0 0 0 0 0 0 0 0 0 0 0 0 0 0 0 0 0 0 0 0 0 0 0 0 0 0 0 0 0 0 33333333333 33333333333 33333333333 0 0 0 0 0 0 0 0 0 0 33333333333 0 0 0 0 0 0 0 0 0 0 0 0 0 0 0 0 0 0 0 0 0 0 0 0 0 0 0 0 0 0 0 0 33333333333 0 0 0 0 0
0 0 0 0 0 0 0 0 0 0 0 0 0 0 0 0 0 0 0 0 0 0 0 0 0 0 0 0 0 0 0 0 0 0 0 0 0 0 0 33333333333 0 0 0 0 0 0 0 0 0 0 33333333333 0 0 0 0 0 33333333333 0 0 0 0 33333333333 33333333333 0 0 33333333333 0 0 0 0 0 0 0 0 0 0 0 0 0 0 0 0 0 0 0 0 0 0 0 0 0 0 0 0 0 0 0 0 0 0 0 0 0 0 0 0 0 0 0 0 0 0 0 0 0 0 0 0 0 0 0
0 0 0 0 0 0 0 0 0 0 0 0 0 0 0 0 0 0 0 0 0 0 0 0 0 0 0 0 0 0 0 0 0 0 0 0 0 0 0 50000000000 50000000000 50000000000 50000000000 0 0 0 0 0 0 0 0 0 0 0 0 0 0 0 0 0 0 0 0 0 0 0 0 0 0 0 0 0 0 0 0 0 0 0 0 0 0 0 0 0 0 0 0 0 0 0 0 0 0 0 0 0 0 0 0 0 0 0 0 0 0 0 0 0 0 0 0 0 0 0 0 0 0 0 0 0 0
0 0 0 0 0 0 0 0 0 0 0 0 0 0 0 0 0 0 0 0 0 0 0 0 0 0 0 0 0 0 0 0 0 0 0 0 0 0 0 0 0 0 0 0 0 0 0 0 0 0 0 0 0 0 0 0 0 0 0 0 0 0 0 0 0 0 0 0 0 50000000000 0 0 0 0 0 0 0 0 0 0 50000000000 0 0 0 0 0 0 0 0 0 0 50000000000 0 0 0 0 0 0 0 0 0 0 50000000000 0 0 0 0 0 0 0 0 0 0 0 0 0 0 0 0 0 0
0 0 0 0 0 0 0 0 0 0 0 0 0 0 0 0 0 0 0 0 0 0 0 0 0 0 0 0 0 0 0 0 0 0 0 0 0 0 0 0 0 0 40000000000 0 0 0 0 0 0 0 0 0 0 0 0 0 0 0 0 0 0 0 0 0 0 0 0 0 0 0 0 0 0 0 0 0 0 0 0 0 0 0 0 0 0 0 40000000000 0 0 40000000000 0 0 0 0 0 0 0 40000000000 40000000000 0 0 0 0 0 0 0 0 0 0 0 0 0 0 0 0 0 0 0 0 0 0
0 0 0 0 0 0 0 0 0 0 0 0 0 0 0 0 0 0 0 40000000000 0 0 0 0 0 0 0 0 0 0 0 0 0 0 0 0 0 0 0 0 0 0 0 0 0 0 0 0 0 0 0 0 0 0 0 0 0 0 0 0 0 0 0 0 0 0 0 0 0 0 0 0 0 0 0 0 0 0 0 0 0 0 0 0 0 0 0 0 0 0 0 0 0 0 0 0 0 0 0 0 0 0 40000000000 0 0 0 40000000000 40000000000 0 0 0 0 0 0 0 0 0 0 40000000000 0 0
